Main Tree:	(((((((((HSU13737.PE1,HSU13738.PE1),(((RNU49930.LICE,RNU58656.PE1),MMCASP3.CASP-3),CGU27463.CPP-32)),AF083029.PE1),D89784.XCPP32),(((AF072124.PE1,MAU47332.PE1),MMCASP7.CASP-7),HSU37448.MCH3)),((((AF025670.MCH2,MMCASP6.CASP-6),HSU20536.MCH2),AF082329.PE1),(ICE_DROME,SFU81510.PE1))),(((AF111345,HSU60519.MCH4),HSU86214.PE1),(HSCASP8S8.CASP8,MMCASP8S7.PE1))),CELCED3A.CED-3,((((RRU77933.PE1,MMCASP2.CASP-2),HSU13021.ICH-1),GGU64963.ICH-1),HSU60521.MCH6)),((AF097874.CASP14,MMU007750.PE1),(D89783.XICE-A,D89785.XICE-B),(((((HSPRTXPRS.PE1,HSU28015.PE1),AF078533.PE1),MMCASP11.CASP-11),MMCASP12.CASP-12),((MUSIL1B.PE1,RNU14647),(AF090119,HSIL1BRNA.PE1)))))
Cluster Cluster 1:	((RNU49930.LICE,RNU58656.PE1),MMCASP3.CASP-3,CGU27463.CPP-32)
Cluster Cluster 2:	((AF072124.PE1,MAU47332.PE1),MMCASP7.CASP-7,HSU37448.MCH3)

	Cluster 1/Cluster 2
MFE Theta	0.862073
MFE se	0.167852
MFE r X	0.058493
MFE r max	0.424090
MFE z score	-5.517518
ThetaML	0.785273
AlphaML	0.179863
SE Theta	0.202715
LRT Theta	15.006183
288	0.776155
289	0.862911
290	0.776155
291	0.852635
292	0.776155
293	0.862911
297	0.776155
298	0.928947
299	0.776155
300	0.776155
301	0.776155
302	0.776155
303	0.776155
304	0.776155
305	0.776155
306	0.776155
307	0.776155
308	0.776155
320	0.776155
321	0.464830
322	0.943344
323	0.776155
324	0.841992
325	0.776155
326	0.776155
327	0.776155
328	0.776155
329	0.776155
330	0.776155
331	0.852635
332	0.856503
333	0.776155
334	0.776155
335	0.776155
336	0.776155
337	0.776155
338	0.852635
339	0.505153
340	0.776155
341	0.776155
342	0.776155
343	0.463308
344	0.776155
345	0.931982
346	0.776155
347	0.852635
348	0.776155
349	0.776155
350	0.776155
351	0.776155
352	0.776155
353	0.776155
354	0.846535
355	0.776155
356	0.943344
357	0.776155
358	0.776155
359	0.776155
360	0.464830
361	0.507002
362	0.856503
363	0.776155
364	0.776155
369	0.776155
370	0.776155
371	0.862911
372	0.776155
373	0.862911
374	0.776155
375	0.776155
376	0.776155
377	0.776155
378	0.776155
379	0.862911
380	0.776155
381	0.776155
382	0.776155
383	0.776155
384	0.776155
385	0.776155
386	0.776155
394	0.852635
395	0.862911
396	0.776155
397	0.846535
398	0.776155
399	0.776155
400	0.856503
401	0.776155
412	0.776155
413	0.856503
414	0.846535
415	0.776155
416	0.776155
417	0.776155
418	0.776155
419	0.776155
420	0.776155
421	0.856503
422	0.776155
423	0.776155
424	0.776155
425	0.776155
426	0.776155
427	0.776155
428	0.776155
429	0.776155
430	0.776155
431	0.856503
432	0.776155
433	0.776155
434	0.776155
435	0.776155
436	0.776155
437	0.776155
438	0.776155
439	0.776155
440	0.776155
441	0.776155
442	0.776155
443	0.776155
444	0.776155
445	0.776155
446	0.776155
447	0.776155
448	0.776155
449	0.776155
450	0.776155
451	0.845082
482	0.846535
484	0.776155
485	0.856503
490	0.776155
491	0.852635
492	0.776155
493	0.776155
494	0.776155
495	0.776155
496	0.776155
497	0.776155
498	0.776155
499	0.776155
500	0.776155
501	0.776155
502	0.776155
503	0.776155
504	0.776155
505	0.776155
506	0.776155
507	0.776155
508	0.776155
509	0.776155
510	0.776155
511	0.776155
512	0.776155
513	0.776155
514	0.862911
515	0.856503
516	0.841992
517	0.862911
518	0.776155
519	0.776155
520	0.776155
521	0.776155
522	0.776155
523	0.776155
524	0.776155
525	0.776155
526	0.776155
527	0.841992
528	0.776155
529	0.776155
530	0.931982
531	0.776155
532	0.776155
533	0.776155
534	0.776155
535	0.776155
539	0.776155
540	0.776155
541	0.776155
542	0.776155
543	0.838015
544	0.776155
545	0.776155
546	0.776155
547	0.776155
548	0.776155
549	0.776155
550	0.776155
551	0.776155
563	0.776155
564	0.862911
565	0.776155
566	0.776155
569	0.776155
570	0.776155
571	0.776155
572	0.776155

----------------------------------------------------------------------------------------------------
----------------------------------------------------------------------------------------------------

     Number of Sites :     

Sites	Cluseter1	Cluseter2
288	0.000000	0.000000
289	0.000000	1.394318
290	0.000000	0.000000
291	0.000000	1.197296
292	0.000000	0.000000
293	0.000000	1.394318
297	0.000000	0.000000
298	3.383423	0.000000
299	0.000000	0.000000
300	0.000000	0.000000
301	0.000000	0.000000
302	0.000000	0.000000
303	0.000000	0.000000
304	0.000000	0.000000
305	0.000000	0.000000
306	0.000000	0.000000
307	0.000000	0.000000
308	0.000000	0.000000
320	0.000000	0.000000
321	1.384613	1.394318
322	3.999878	0.000000
323	0.000000	0.000000
324	1.095490	0.000000
325	0.000000	0.000000
326	0.000000	0.000000
327	0.000000	0.000000
328	0.000000	0.000000
329	0.000000	0.000000
330	0.000000	0.000000
331	0.000000	1.197296
332	1.384613	0.000000
333	0.000000	0.000000
334	0.000000	0.000000
335	0.000000	0.000000
336	0.000000	0.000000
337	0.000000	0.000000
338	0.000000	1.197296
339	1.183563	1.197296
340	0.000000	0.000000
341	0.000000	0.000000
342	0.000000	0.000000
343	1.183563	3.213257
344	0.000000	0.000000
345	0.000000	3.213257
346	0.000000	0.000000
347	0.000000	1.197296
348	0.000000	0.000000
349	0.000000	0.000000
350	0.000000	0.000000
351	0.000000	0.000000
352	0.000000	0.000000
353	0.000000	0.000000
354	1.183563	0.000000
355	0.000000	0.000000
356	3.999878	0.000000
357	0.000000	0.000000
358	0.000000	0.000000
359	0.000000	0.000000
360	1.384613	1.394318
361	1.384613	1.038177
362	1.384613	0.000000
363	0.000000	0.000000
364	0.000000	0.000000
369	0.000000	0.000000
370	0.000000	0.000000
371	0.000000	1.394318
372	0.000000	0.000000
373	0.000000	1.394318
374	0.000000	0.000000
375	0.000000	0.000000
376	0.000000	0.000000
377	0.000000	0.000000
378	0.000000	0.000000
379	0.000000	1.394318
380	0.000000	0.000000
381	0.000000	0.000000
382	0.000000	0.000000
383	0.000000	0.000000
384	0.000000	0.000000
385	0.000000	0.000000
386	0.000000	0.000000
394	0.000000	1.197296
395	0.000000	1.394318
396	0.000000	0.000000
397	1.183563	0.000000
398	0.000000	0.000000
399	0.000000	0.000000
400	1.384613	0.000000
401	0.000000	0.000000
412	0.000000	0.000000
413	1.384613	0.000000
414	1.183563	0.000000
415	0.000000	0.000000
416	0.000000	0.000000
417	0.000000	0.000000
418	0.000000	0.000000
419	0.000000	0.000000
420	0.000000	0.000000
421	1.384613	0.000000
422	0.000000	0.000000
423	0.000000	0.000000
424	0.000000	0.000000
425	0.000000	0.000000
426	0.000000	0.000000
427	0.000000	0.000000
428	0.000000	0.000000
429	0.000000	0.000000
430	0.000000	0.000000
431	1.384613	0.000000
432	0.000000	0.000000
433	0.000000	0.000000
434	0.000000	0.000000
435	0.000000	0.000000
436	0.000000	0.000000
437	0.000000	0.000000
438	0.000000	0.000000
439	0.000000	0.000000
440	0.000000	0.000000
441	0.000000	0.000000
442	0.000000	0.000000
443	0.000000	0.000000
444	0.000000	0.000000
445	0.000000	0.000000
446	0.000000	0.000000
447	0.000000	0.000000
448	0.000000	0.000000
449	0.000000	0.000000
450	0.000000	0.000000
451	0.000000	1.059601
482	1.183563	0.000000
484	0.000000	0.000000
485	1.384613	0.000000
490	0.000000	0.000000
491	0.000000	1.197296
492	0.000000	0.000000
493	0.000000	0.000000
494	0.000000	0.000000
495	0.000000	0.000000
496	0.000000	0.000000
497	0.000000	0.000000
498	0.000000	0.000000
499	0.000000	0.000000
500	0.000000	0.000000
501	0.000000	0.000000
502	0.000000	0.000000
503	0.000000	0.000000
504	0.000000	0.000000
505	0.000000	0.000000
506	0.000000	0.000000
507	0.000000	0.000000
508	0.000000	0.000000
509	0.000000	0.000000
510	0.000000	0.000000
511	0.000000	0.000000
512	0.000000	0.000000
513	0.000000	0.000000
514	0.000000	1.394318
515	1.384613	0.000000
516	1.095490	0.000000
517	0.000000	1.394318
518	0.000000	0.000000
519	0.000000	0.000000
520	0.000000	0.000000
521	0.000000	0.000000
522	0.000000	0.000000
523	0.000000	0.000000
524	0.000000	0.000000
525	0.000000	0.000000
526	0.000000	0.000000
527	1.095490	0.000000
528	0.000000	0.000000
529	0.000000	0.000000
530	0.000000	3.213257
531	0.000000	0.000000
532	0.000000	0.000000
533	0.000000	0.000000
534	0.000000	0.000000
535	0.000000	0.000000
539	0.000000	0.000000
540	0.000000	0.000000
541	0.000000	0.000000
542	0.000000	0.000000
543	1.020050	0.000000
544	0.000000	0.000000
545	0.000000	0.000000
546	0.000000	0.000000
547	0.000000	0.000000
548	0.000000	0.000000
549	0.000000	0.000000
550	0.000000	0.000000
551	0.000000	0.000000
563	0.000000	0.000000
564	0.000000	1.394318
565	0.000000	0.000000
566	0.000000	0.000000
569	0.000000	0.000000
570	0.000000	0.000000
571	0.000000	0.000000
572	0.000000	0.000000

